1.44172700e-02 5.25990000e-04 -1.78534000e-03 1.68504000e-03 -3.17140000e-04 -9.06900000e-04 -2.86390000e-04 6.74760000e-04 1.30423000e-03 1.92440000e-04 -6.18600000e-04 2.52260000e-04 4.97730000e-04 -1.15208000e-03 1.55666000e-03 5.78430000e-04 -9.61410000e-04 8.39040000e-04 2.63680000e-04 -3.83610000e-04 -8.78980000e-04 -2.54700000e-05 7.98780000e-04 9.91560000e-04 4.03850000e-04 -8.40850000e-04 1.05612000e-03 5.33820000e-04 -2.43547000e-03 2.41850000e-04 1.16874000e-03 -1.63048000e-03 1.45053000e-03 2.28700000e-05 2.14743000e-03 -8.66230000e-04 -1.20285000e-03
5.25990000e-04 2.15853400e-02 -1.53074000e-03 1.25362000e-03 -2.71290000e-04 -9.34160000e-04 -3.00540000e-04 3.32010000e-04 1.17137000e-03 1.75370000e-04 -4.39980000e-04 1.67600000e-04 4.50880000e-04 -8.54620000e-04 1.27876000e-03 1.09165000e-03 -5.97540000e-04 6.42240000e-04 5.30830000e-04 5.55500000e-05 -5.43440000e-04 -6.14290000e-04 9.68160000e-04 1.31349000e-03 5.74480000e-04 -1.42450000e-04 5.53980000e-04 5.50800000e-04 -1.79697000e-03 5.75060000e-04 6.33860000e-04 -1.02451000e-03 5.72760000e-04 1.46800000e-05 9.75360000e-04 -1.96350000e-04 -6.47210000e-04
-1.78534000e-03 -1.53074000e-03 2.96814600e-02 -3.62041000e-03 5.62660000e-04 2.60410000e-03 1.12248000e-03 -1.17207000e-03 -2.93003000e-03 -2.90830000e-04 1.48150000e-03 -4.53610000e-04 -7.19450000e-04 2.54540000e-03 -3.09147000e-03 -1.91891000e-03 1.99017000e-03 -1.12370000e-03 -6.40350000e-04 6.61620000e-04 1.97986000e-03 4.07750000e-04 -1.97897000e-03 -3.41171000e-03 -1.17887000e-03 1.10616000e-03 -1.98838000e-03 -1.54250000e-03 4.87333000e-03 -6.47320000e-04 -1.83944000e-03 3.91646000e-03 -2.65003000e-03 -2.82000000e-06 -2.88243000e-03 8.20480000e-04 2.02769000e-03
1.68504000e-03 1.25362000e-03 -3.62041000e-03 1.40336400e-02 -1.00517000e-03 -1.89466000e-03 -5.59910000e-04 1.37804000e-03 2.85313000e-03 4.78030000e-04 -1.35420000e-03 6.43260000e-04 1.35257000e-03 -2.73725000e-03 3.44066000e-03 1.80977000e-03 -1.79255000e-03 1.84105000e-03 7.25400000e-04 -3.97300000e-04 -2.02109000e-03 -6.70610000e-04 1.94320000e-03 2.00206000e-03 7.37540000e-04 -2.14471000e-03 2.20955000e-03 1.15835000e-03 -4.78962000e-03 6.28730000e-04 1.70770000e-03 -3.31864000e-03 2.78631000e-03 4.47000000e-05 3.59741000e-03 -1.06065000e-03 -3.16477000e-03
-3.17140000e-04 -2.71290000e-04 5.62660000e-04 -1.00517000e-03 2.29493600e-02 2.45840000e-04 -2.04360000e-04 -5.45870000e-04 -6.99130000e-04 -2.25680000e-04 3.16050000e-04 -3.57610000e-04 -8.24790000e-04 1.51118000e-03 -1.06502000e-03 -2.07000000e-05 4.09830000e-04 -9.11790000e-04 -1.73160000e-04 1.02150000e-04 1.02066000e-03 9.26490000e-04 -6.58790000e-04 8.11530000e-04 2.34060000e-04 1.54344000e-03 -6.97030000e-04 2.12110000e-04 1.33643000e-03 1.33230000e-04 -4.30820000e-04 1.27395000e-03 -6.90250000e-04 1.80710000e-04 -1.68149000e-03 2.83340000e-04 2.01901000e-03
-9.06900000e-04 -9.34160000e-04 2.60410000e-03 -1.89466000e-03 2.45840000e-04 2.02908000e-02 6.15910000e-04 -4.97910000e-04 -1.73981000e-03 -2.76300000e-05 8.03930000e-04 -1.43280000e-04 -4.40510000e-04 1.10869000e-03 -1.92156000e-03 -1.78943000e-03 1.03511000e-03 -6.24630000e-04 -5.91410000e-04 1.97600000e-05 8.52000000e-04 5.16850000e-04 -1.17867000e-03 -2.36186000e-03 -8.20910000e-04 -6.89400000e-05 -8.75550000e-04 -1.02308000e-03 2.61784000e-03 -8.14300000e-04 -1.02625000e-03 1.53171000e-03 -9.73170000e-04 4.23000000e-06 -1.23594000e-03 3.39810000e-04 5.60260000e-04
-2.86390000e-04 -3.00540000e-04 1.12248000e-03 -5.59910000e-04 -2.04360000e-04 6.15910000e-04 1.67705700e-02 9.19500000e-05 -5.51850000e-04 7.44500000e-05 3.67040000e-04 1.88700000e-04 8.69900000e-05 -6.43800000e-05 -4.71080000e-04 -7.58750000e-04 5.90300000e-04 3.91000000e-05 -1.85200000e-04 1.75600000e-05 1.46580000e-04 -2.95490000e-04 -2.50990000e-04 -1.56155000e-03 -4.53260000e-04 -5.71000000e-04 -9.44300000e-05 -6.47320000e-04 9.29660000e-04 -3.83710000e-04 -2.54840000e-04 4.88060000e-04 -2.86250000e-04 -4.72000000e-05 1.06890000e-04 2.45290000e-04 -6.27050000e-04
6.74760000e-04 3.32010000e-04 -1.17207000e-03 1.37804000e-03 -5.45870000e-04 -4.97910000e-04 9.19500000e-05 1.39029400e-02 1.00577000e-03 3.17360000e-04 -4.27340000e-04 4.00680000e-04 6.38890000e-04 -1.28654000e-03 1.29526000e-03 2.15570000e-04 -5.86090000e-04 8.53440000e-04 1.36430000e-04 -2.76730000e-04 -9.04730000e-04 -2.26250000e-04 6.84550000e-04 -8.00000000e-08 3.74400000e-05 -1.51909000e-03 1.07921000e-03 1.40010000e-04 -1.74467000e-03 -2.57300000e-05 6.32210000e-04 -1.41688000e-03 1.34482000e-03 4.63500000e-05 1.79201000e-03 -3.90420000e-04 -1.93591000e-03
1.30423000e-03 1.17137000e-03 -2.93003000e-03 2.85313000e-03 -6.99130000e-04 -1.73981000e-03 -5.51850000e-04 1.00577000e-03 1.80573100e-02 3.30340000e-04 -1.08568000e-03 4.47950000e-04 1.06196000e-03 -1.93874000e-03 2.95372000e-03 1.99990000e-03 -1.43640000e-03 1.42233000e-03 7.77590000e-04 -1.37100000e-05 -1.43112000e-03 -6.93590000e-04 1.70131000e-03 2.19569000e-03 8.11460000e-04 -1.08331000e-03 1.60364000e-03 1.09475000e-03 -3.85645000e-03 8.92560000e-04 1.40803000e-03 -2.32982000e-03 1.91267000e-03 9.45200000e-05 2.56074000e-03 -7.70490000e-04 -1.99909000e-03
1.92440000e-04 1.75370000e-04 -2.90830000e-04 4.78030000e-04 -2.25680000e-04 -2.76300000e-05 7.44500000e-05 3.17360000e-04 3.30340000e-04 1.96701000e-02 -8.68300000e-05 1.54910000e-04 2.41440000e-04 -4.36560000e-04 4.06260000e-04 -1.79920000e-04 -2.52590000e-04 3.80720000e-04 1.66000000e-05 -1.15620000e-04 -3.37720000e-04 -1.61200000e-05 2.75900000e-04 -2.41360000e-04 -5.67000000e-05 -7.59570000e-04 4.25950000e-04 -2.14600000e-05 -6.28820000e-04 -1.06190000e-04 1.60200000e-04 -5.09410000e-04 5.61880000e-04 1.33040000e-04 7.97650000e-04 -2.17780000e-04 -8.37960000e-04
-6.18600000e-04 -4.39980000e-04 1.48150000e-03 -1.35420000e-03 3.16050000e-04 8.03930000e-04 3.67040000e-04 -4.27340000e-04 -1.08568000e-03 -8.68300000e-05 1.76149600e-02 -2.04460000e-04 -4.29780000e-04 9.90460000e-04 -1.28987000e-03 -8.03320000e-04 7.21570000e-04 -6.11970000e-04 -2.54840000e-04 1.65390000e-04 7.60140000e-04 1.96830000e-04 -6.95390000e-04 -9.86050000e-04 -3.13250000e-04 6.51770000e-04 -7.66910000e-04 -5.01710000e-04 1.88542000e-03 -2.67710000e-04 -6.38920000e-04 1.26736000e-03 -1.04185000e-03 1.90400000e-05 -1.20608000e-03 3.47510000e-04 1.00298000e-03
2.52260000e-04 1.67600000e-04 -4.53610000e-04 6.43260000e-04 -3.57610000e-04 -1.43280000e-04 1.88700000e-04 4.00680000e-04 4.47950000e-04 1.54910000e-04 -2.04460000e-04 1.47610500e-02 3.79610000e-04 -8.25570000e-04 6.12280000e-04 1.74800000e-05 -4.97200000e-05 4.81890000e-04 5.56600000e-05 -1.12610000e-04 -4.69510000e-04 -3.16980000e-04 3.85470000e-04 -3.73200000e-04 -8.31100000e-05 -8.91970000e-04 5.27640000e-04 -1.28760000e-04 -7.59880000e-04 -9.19100000e-05 3.20690000e-04 -6.93270000e-04 6.72540000e-04 -1.96900000e-05 1.01600000e-03 4.73200000e-05 -1.19441000e-03
4.97730000e-04 4.50880000e-04 -7.19450000e-04 1.35257000e-03 -8.24790000e-04 -4.40510000e-04 8.69900000e-05 6.38890000e-04 1.06196000e-03 2.41440000e-04 -4.29780000e-04 3.79610000e-04 2.03202600e-02 -1.37838000e-03 1.46594000e-03 5.76580000e-04 -5.52260000e-04 1.08210000e-03 3.78080000e-04 -2.01400000e-05 -9.04870000e-04 -6.66930000e-04 8.20010000e-04 -6.50100000e-05 5.17800000e-05 -1.48399000e-03 9.08060000e-04 1.23080000e-04 -1.78174000e-03 2.25020000e-04 5.34310000e-04 -1.24188000e-03 1.01070000e-03 -5.91900000e-05 1.71421000e-03 -4.53900000e-04 -1.99047000e-03
-1.15208000e-03 -8.54620000e-04 2.54540000e-03 -2.73725000e-03 1.51118000e-03 1.10869000e-03 -6.43800000e-05 -1.28654000e-03 -1.93874000e-03 -4.36560000e-04 9.90460000e-04 -8.25570000e-04 -1.37838000e-03 2.04002300e-02 -2.54758000e-03 -5.16730000e-04 1.06801000e-03 -1.79346000e-03 -3.45020000e-04 5.46350000e-04 2.09650000e-03 1.32492000e-03 -1.56867000e-03 2.68390000e-04 -7.15000000e-06 2.94333000e-03 -1.87524000e-03 -1.26450000e-04 3.62732000e-03 1.44880000e-04 -1.32553000e-03 3.13966000e-03 -2.27520000e-03 2.62640000e-04 -3.58950000e-03 6.11190000e-04 4.08235000e-03
1.55666000e-03 1.27876000e-03 -3.09147000e-03 3.44066000e-03 -1.06502000e-03 -1.92156000e-03 -4.71080000e-04 1.29526000e-03 2.95372000e-03 4.06260000e-04 -1.28987000e-03 6.12280000e-04 1.46594000e-03 -2.54758000e-03 2.73167000e-02 2.29143000e-03 -1.66760000e-03 1.90013000e-03 9.06680000e-04 -2.43300000e-05 -1.83979000e-03 -9.97160000e-04 2.01921000e-03 2.10694000e-03 7.87130000e-04 -1.71333000e-03 2.01913000e-03 1.14616000e-03 -4.61594000e-03 9.72980000e-04 1.68792000e-03 -2.78178000e-03 2.35528000e-03 5.30000000e-05 3.36356000e-03 -9.55320000e-04 -2.87024000e-03
5.78430000e-04 1.09165000e-03 -1.91891000e-03 1.80977000e-03 -2.07000000e-05 -1.78943000e-03 -7.58750000e-04 2.15570000e-04 1.99990000e-03 -1.79920000e-04 -8.03320000e-04 1.74800000e-05 5.76580000e-04 -5.16730000e-04 2.29143000e-03 2.52730700e-02 -8.87830000e-04 6.08970000e-04 1.03772000e-03 6.42030000e-04 -3.93010000e-04 -7.65560000e-04 1.35246000e-03 3.53545000e-03 1.16933000e-03 1.33154000e-03 5.46080000e-04 1.48772000e-03 -2.35421000e-03 1.65843000e-03 9.09640000e-04 -5.03400000e-04 3.22800000e-04 7.05200000e-05 3.09030000e-04 -4.27000000e-05 5.56910000e-04
-9.61410000e-04 -5.97540000e-04 1.99017000e-03 -1.79255000e-03 4.09830000e-04 1.03511000e-03 5.90300000e-04 -5.86090000e-04 -1.43640000e-03 -2.52590000e-04 7.21570000e-04 -4.97200000e-05 -5.52260000e-04 1.06801000e-03 -1.66760000e-03 -8.87830000e-04 3.82313600e-02 -8.06020000e-04 -3.45820000e-04 2.73460000e-04 9.95220000e-04 -4.03600000e-05 -8.57020000e-04 -1.48008000e-03 -4.65440000e-04 8.76460000e-04 -1.03539000e-03 -7.97850000e-04 2.57575000e-03 -3.74020000e-04 -8.23770000e-04 1.73869000e-03 -1.39619000e-03 -8.99000000e-05 -1.65432000e-03 8.44710000e-04 1.11298000e-03
8.39040000e-04 6.42240000e-04 -1.12370000e-03 1.84105000e-03 -9.11790000e-04 -6.24630000e-04 3.91000000e-05 8.53440000e-04 1.42233000e-03 3.80720000e-04 -6.11970000e-04 4.81890000e-04 1.08210000e-03 -1.79346000e-03 1.90013000e-03 6.08970000e-04 -8.06020000e-04 2.05442200e-02 4.09640000e-04 -1.76910000e-04 -1.18671000e-03 -7.22810000e-04 1.08153000e-03 2.03100000e-05 1.12350000e-04 -1.92936000e-03 1.24950000e-03 2.00240000e-04 -2.55945000e-03 2.04070000e-04 8.48470000e-04 -1.72085000e-03 1.51413000e-03 -3.49900000e-05 2.41512000e-03 -7.00310000e-04 -2.61798000e-03
2.63680000e-04 5.30830000e-04 -6.40350000e-04 7.25400000e-04 -1.73160000e-04 -5.91410000e-04 -1.85200000e-04 1.36430000e-04 7.77590000e-04 1.66000000e-05 -2.54840000e-04 5.56600000e-05 3.78080000e-04 -3.45020000e-04 9.06680000e-04 1.03772000e-03 -3.45820000e-04 4.09640000e-04 2.03576400e-02 2.39760000e-04 -2.02060000e-04 -4.44950000e-04 5.99510000e-04 1.01361000e-03 4.21550000e-04 1.56920000e-04 2.38170000e-04 4.58530000e-04 -1.02143000e-03 6.04200000e-04 3.38430000e-04 -3.19330000e-04 1.33090000e-04 1.12200000e-05 4.06250000e-04 -1.47710000e-04 -1.42960000e-04
-3.83610000e-04 5.55500000e-05 6.61620000e-04 -3.97300000e-04 1.02150000e-04 1.97600000e-05 1.75600000e-05 -2.76730000e-04 -1.37100000e-05 -1.15620000e-04 1.65390000e-04 -1.12610000e-04 -2.01400000e-05 5.46350000e-04 -2.43300000e-05 6.42030000e-04 2.73460000e-04 -1.76910000e-04 2.39760000e-04 1.95628800e-02 4.16870000e-04 -2.99930000e-04 1.48100000e-05 3.64010000e-04 1.49980000e-04 1.00677000e-03 -4.43910000e-04 9.12200000e-05 6.26670000e-04 4.65550000e-04 -1.98850000e-04 8.95250000e-04 -7.97570000e-04 4.82400000e-05 -8.06110000e-04 2.35580000e-04 9.38730000e-04
-8.78980000e-04 -5.43440000e-04 1.97986000e-03 -2.02109000e-03 1.02066000e-03 8.52000000e-04 1.46580000e-04 -9.04730000e-04 -1.43112000e-03 -3.37720000e-04 7.60140000e-04 -4.69510000e-04 -9.04870000e-04 2.09650000e-03 -1.83979000e-03 -3.93010000e-04 9.95220000e-04 -1.18671000e-03 -2.02060000e-04 4.16870000e-04 1.15234800e-02 6.43920000e-04 -1.04756000e-03 -1.21980000e-04 -4.31600000e-05 1.98208000e-03 -1.37596000e-03 -2.62880000e-04 2.68225000e-03 1.00270000e-04 -9.33940000e-04 2.33204000e-03 -1.72330000e-03 1.20110000e-04 -2.48310000e-03 5.50870000e-04 2.62404000e-03
-2.54700000e-05 -6.14290000e-04 4.07750000e-04 -6.70610000e-04 9.26490000e-04 5.16850000e-04 -2.95490000e-04 -2.26250000e-04 -6.93590000e-04 -1.61200000e-05 1.96830000e-04 -3.16980000e-04 -6.66930000e-04 1.32492000e-03 -9.97160000e-04 -7.65560000e-04 -4.03600000e-05 -7.22810000e-04 -4.44950000e-04 -2.99930000e-04 6.43920000e-04 1.88499700e-02 -9.01320000e-04 3.53690000e-04 -3.11000000e-05 3.48030000e-04 -1.76860000e-04 1.36570000e-04 9.21950000e-04 -2.92230000e-04 -4.69350000e-04 5.16120000e-04 2.79540000e-04 3.13050000e-04 -9.72140000e-04 -1.86310000e-04 1.27291000e-03
7.98780000e-04 9.68160000e-04 -1.97897000e-03 1.94320000e-03 -6.58790000e-04 -1.17867000e-03 -2.50990000e-04 6.84550000e-04 1.70131000e-03 2.75900000e-04 -6.95390000e-04 3.85470000e-04 8.20010000e-04 -1.56867000e-03 2.01921000e-03 1.35246000e-03 -8.57020000e-04 1.08153000e-03 5.99510000e-04 1.48100000e-05 -1.04756000e-03 -9.01320000e-04 1.60234600e-02 1.23527000e-03 5.12800000e-04 -7.86200000e-04 1.04190000e-03 6.15060000e-04 -2.62108000e-03 5.87850000e-04 9.84970000e-04 -1.62649000e-03 1.14094000e-03 6.28000000e-06 1.88407000e-03 -3.99490000e-04 -1.58622000e-03
9.91560000e-04 1.31349000e-03 -3.41171000e-03 2.00206000e-03 8.11530000e-04 -2.36186000e-03 -1.56155000e-03 -8.00000000e-08 2.19569000e-03 -2.41360000e-04 -9.86050000e-04 -3.73200000e-04 -6.50100000e-05 2.68390000e-04 2.10694000e-03 3.53545000e-03 -1.48008000e-03 2.03100000e-05 1.01361000e-03 3.64010000e-04 -1.21980000e-04 3.53690000e-04 1.23527000e-03 2.99969100e-02 1.80227000e-03 2.44469000e-03 4.76860000e-04 2.27434000e-03 -2.76872000e-03 1.88801000e-03 1.05407000e-03 -8.45480000e-04 5.90610000e-04 2.80710000e-04 -3.47150000e-04 -3.18030000e-04 2.16239000e-03
4.03850000e-04 5.74480000e-04 -1.17887000e-03 7.37540000e-04 2.34060000e-04 -8.20910000e-04 -4.53260000e-04 3.74400000e-05 8.11460000e-04 -5.67000000e-05 -3.13250000e-04 -8.31100000e-05 5.17800000e-05 -7.15000000e-06 7.87130000e-04 1.16933000e-03 -4.65440000e-04 1.12350000e-04 4.21550000e-04 1.49980000e-04 -4.31600000e-05 -3.11000000e-05 5.12800000e-04 1.80227000e-03 8.77599000e-03 7.07200000e-04 1.87160000e-04 7.52820000e-04 -1.05876000e-03 6.69750000e-04 4.07050000e-04 -3.42680000e-04 1.83620000e-04 6.65700000e-05 4.59300000e-05 -2.15190000e-04 5.31600000e-04
-8.40850000e-04 -1.42450000e-04 1.10616000e-03 -2.14471000e-03 1.54344000e-03 -6.89400000e-05 -5.71000000e-04 -1.51909000e-03 -1.08331000e-03 -7.59570000e-04 6.51770000e-04 -8.91970000e-04 -1.48399000e-03 2.94333000e-03 -1.71333000e-03 1.33154000e-03 8.76460000e-04 -1.92936000e-03 1.56920000e-04 1.00677000e-03 1.98208000e-03 3.48030000e-04 -7.86200000e-04 2.44469000e-03 7.07200000e-04 6.92436500e-02 -2.11724000e-03 5.85880000e-04 2.93387000e-03 1.00671000e-03 -5.16370000e-04 3.05017000e-03 -2.89696000e-03 1.12520000e-04 -3.80337000e-03 9.99550000e-04 5.63287000e-03
1.05612000e-03 5.53980000e-04 -1.98838000e-03 2.20955000e-03 -6.97030000e-04 -8.75550000e-04 -9.44300000e-05 1.07921000e-03 1.60364000e-03 4.25950000e-04 -7.66910000e-04 5.27640000e-04 9.08060000e-04 -1.87524000e-03 2.01913000e-03 5.46080000e-04 -1.03539000e-03 1.24950000e-03 2.38170000e-04 -4.43910000e-04 -1.37596000e-03 -1.76860000e-04 1.04190000e-03 4.76860000e-04 1.87160000e-04 -2.11724000e-03 1.28107800e-02 4.33000000e-04 -2.84114000e-03 4.01400000e-05 9.76590000e-04 -2.22936000e-03 2.13231000e-03 6.41500000e-05 2.56891000e-03 -6.43530000e-04 -2.68716000e-03
5.33820000e-04 5.50800000e-04 -1.54250000e-03 1.15835000e-03 2.12110000e-04 -1.02308000e-03 -6.47320000e-04 1.40010000e-04 1.09475000e-03 -2.14600000e-05 -5.01710000e-04 -1.28760000e-04 1.23080000e-04 -1.26450000e-04 1.14616000e-03 1.48772000e-03 -7.97850000e-04 2.00240000e-04 4.58530000e-04 9.12200000e-05 -2.62880000e-04 1.36570000e-04 6.15060000e-04 2.27434000e-03 7.52820000e-04 5.85880000e-04 4.33000000e-04 9.39587000e-03 -1.54567000e-03 7.30870000e-04 5.13500000e-04 -6.00150000e-04 5.10260000e-04 1.18490000e-04 2.21650000e-04 -4.85280000e-04 4.02560000e-04
-2.43547000e-03 -1.79697000e-03 4.87333000e-03 -4.78962000e-03 1.33643000e-03 2.61784000e-03 9.29660000e-04 -1.74467000e-03 -3.85645000e-03 -6.28820000e-04 1.88542000e-03 -7.59880000e-04 -1.78174000e-03 3.62732000e-03 -4.61594000e-03 -2.35421000e-03 2.57575000e-03 -2.55945000e-03 -1.02143000e-03 6.26670000e-04 2.68225000e-03 9.21950000e-04 -2.62108000e-03 -2.76872000e-03 -1.05876000e-03 2.93387000e-03 -2.84114000e-03 -1.54567000e-03 3.70797000e-02 -9.17800000e-04 -2.36263000e-03 4.50124000e-03 -3.68551000e-03 -1.92200000e-05 -4.96246000e-03 1.67387000e-03 4.26602000e-03
2.41850000e-04 5.75060000e-04 -6.47320000e-04 6.28730000e-04 1.33230000e-04 -8.14300000e-04 -3.83710000e-04 -2.57300000e-05 8.92560000e-04 -1.06190000e-04 -2.67710000e-04 -9.19100000e-05 2.25020000e-04 1.44880000e-04 9.72980000e-04 1.65843000e-03 -3.74020000e-04 2.04070000e-04 6.04200000e-04 4.65550000e-04 1.00270000e-04 -2.92230000e-04 5.87850000e-04 1.88801000e-03 6.69750000e-04 1.00671000e-03 4.01400000e-05 7.30870000e-04 -9.17800000e-04 1.42131600e-02 3.48230000e-04 1.38850000e-04 -1.47090000e-04 9.79900000e-05 -1.42460000e-04 -8.32300000e-05 7.47230000e-04
1.16874000e-03 6.33860000e-04 -1.83944000e-03 1.70770000e-03 -4.30820000e-04 -1.02625000e-03 -2.54840000e-04 6.32210000e-04 1.40803000e-03 1.60200000e-04 -6.38920000e-04 3.20690000e-04 5.34310000e-04 -1.32553000e-03 1.68792000e-03 9.09640000e-04 -8.23770000e-04 8.48470000e-04 3.38430000e-04 -1.98850000e-04 -9.33940000e-04 -4.69350000e-04 9.84970000e-04 1.05407000e-03 4.07050000e-04 -5.16370000e-04 9.76590000e-04 5.13500000e-04 -2.36263000e-03 3.48230000e-04 2.02025400e-02 -1.52397000e-03 1.22331000e-03 -2.58700000e-05 2.05454000e-03 -5.85880000e-04 -1.13824000e-03
-1.63048000e-03 -1.02451000e-03 3.91646000e-03 -3.31864000e-03 1.27395000e-03 1.53171000e-03 4.88060000e-04 -1.41688000e-03 -2.32982000e-03 -5.09410000e-04 1.26736000e-03 -6.93270000e-04 -1.24188000e-03 3.13966000e-03 -2.78178000e-03 -5.03400000e-04 1.73869000e-03 -1.72085000e-03 -3.19330000e-04 8.95250000e-04 2.33204000e-03 5.16120000e-04 -1.62649000e-03 -8.45480000e-04 -3.42680000e-04 3.05017000e-03 -2.22936000e-03 -6.00150000e-04 4.50124000e-03 1.38850000e-04 -1.52397000e-03 3.60865500e-02 -3.02604000e-03 1.38190000e-04 -3.82524000e-03 1.02359000e-03 3.85626000e-03
1.45053000e-03 5.72760000e-04 -2.65003000e-03 2.78631000e-03 -6.90250000e-04 -9.73170000e-04 -2.86250000e-04 1.34482000e-03 1.91267000e-03 5.61880000e-04 -1.04185000e-03 6.72540000e-04 1.01070000e-03 -2.27520000e-03 2.35528000e-03 3.22800000e-04 -1.39619000e-03 1.51413000e-03 1.33090000e-04 -7.97570000e-04 -1.72330000e-03 2.79540000e-04 1.14094000e-03 5.90610000e-04 1.83620000e-04 -2.89696000e-03 2.13231000e-03 5.10260000e-04 -3.68551000e-03 -1.47090000e-04 1.22331000e-03 -3.02604000e-03 2.34094700e-02 1.36650000e-04 3.32291000e-03 -9.42680000e-04 -3.39874000e-03
2.28700000e-05 1.46800000e-05 -2.82000000e-06 4.47000000e-05 1.80710000e-04 4.23000000e-06 -4.72000000e-05 4.63500000e-05 9.45200000e-05 1.33040000e-04 1.90400000e-05 -1.96900000e-05 -5.91900000e-05 2.62640000e-04 5.30000000e-05 7.05200000e-05 -8.99000000e-05 -3.49900000e-05 1.12200000e-05 4.82400000e-05 1.20110000e-04 3.13050000e-04 6.28000000e-06 2.80710000e-04 6.65700000e-05 1.12520000e-04 6.41500000e-05 1.18490000e-04 -1.92200000e-05 9.79900000e-05 -2.58700000e-05 1.38190000e-04 1.36650000e-04 2.91285700e-02 -3.67700000e-05 -6.16900000e-05 2.36960000e-04
2.14743000e-03 9.75360000e-04 -2.88243000e-03 3.59741000e-03 -1.68149000e-03 -1.23594000e-03 1.06890000e-04 1.79201000e-03 2.56074000e-03 7.97650000e-04 -1.20608000e-03 1.01600000e-03 1.71421000e-03 -3.58950000e-03 3.36356000e-03 3.09030000e-04 -1.65432000e-03 2.41512000e-03 4.06250000e-04 -8.06110000e-04 -2.48310000e-03 -9.72140000e-04 1.88407000e-03 -3.47150000e-04 4.59300000e-05 -3.80337000e-03 2.56891000e-03 2.21650000e-04 -4.96246000e-03 -1.42460000e-04 2.05454000e-03 -3.82524000e-03 3.32291000e-03 -3.67700000e-05 2.92783700e-02 -1.50547000e-03 -4.87490000e-03
-8.66230000e-04 -1.96350000e-04 8.20480000e-04 -1.06065000e-03 2.83340000e-04 3.39810000e-04 2.45290000e-04 -3.90420000e-04 -7.70490000e-04 -2.17780000e-04 3.47510000e-04 4.73200000e-05 -4.53900000e-04 6.11190000e-04 -9.55320000e-04 -4.27000000e-05 8.44710000e-04 -7.00310000e-04 -1.47710000e-04 2.35580000e-04 5.50870000e-04 -1.86310000e-04 -3.99490000e-04 -3.18030000e-04 -2.15190000e-04 9.99550000e-04 -6.43530000e-04 -4.85280000e-04 1.67387000e-03 -8.32300000e-05 -5.85880000e-04 1.02359000e-03 -9.42680000e-04 -6.16900000e-05 -1.50547000e-03 2.30954100e-02 1.15733000e-03
-1.20285000e-03 -6.47210000e-04 2.02769000e-03 -3.16477000e-03 2.01901000e-03 5.60260000e-04 -6.27050000e-04 -1.93591000e-03 -1.99909000e-03 -8.37960000e-04 1.00298000e-03 -1.19441000e-03 -1.99047000e-03 4.08235000e-03 -2.87024000e-03 5.56910000e-04 1.11298000e-03 -2.61798000e-03 -1.42960000e-04 9.38730000e-04 2.62404000e-03 1.27291000e-03 -1.58622000e-03 2.16239000e-03 5.31600000e-04 5.63287000e-03 -2.68716000e-03 4.02560000e-04 4.26602000e-03 7.47230000e-04 -1.13824000e-03 3.85626000e-03 -3.39874000e-03 2.36960000e-04 -4.87490000e-03 1.15733000e-03 4.46230700e-02
